1 0
2 0
3 0
4 1
5 0
6 0
7 0
8 0
9 0
10 0
11 0
13 0
14 0
15 0
16 0
17 0
18 1
19 1
20 0
21 0
22 0
23 0
24 0
27 0
28 1
29 0
30 0
31 0
32 0
34 0
35 0
36 0
37 1
38 0
40 0
42 0
43 0
45 0
46 1
47 1
48 0
49 0
50 0
52 1
54 1
55 0
56 0
57 0
58 0
61 0
63 0
64 0
65 0
66 0
67 0
68 0
70 0
71 1
72 1
74 0
75 1
77 0
78 0
79 0
81 0
83 0
84 0
85 0
87 0
90 1
91 0
92 1
93 1
95 0
96 0
97 1
98 0
99 0
100 1
101 0
104 0
105 0
106 0
107 0
108 0
109 0
113 1
115 0
116 0
117 0
118 0
120 0
123 0
124 0
125 0
126 0
127 0
128 0
130 0
131 0
134 0
135 0
136 0
137 0
139 0
140 0
142 0
143 0
145 0
146 0
148 0
149 0
150 1
151 0
152 1
154 0
155 0
156 0
157 0
159 0
165 0
167 1
169 0
171 0
172 0
173 0
174 0
175 0
177 0
178 0
182 0
184 0
185 0
187 0
189 0
190 0
192 0
193 0
194 0
197 1
199 0
200 0
202 0
203 1
205 1
208 1
209 0
210 0
211 1
212 0
213 0
215 0
216 0
217 0
220 1
222 0
223 0
224 0
226 1
227 0
228 0
231 0
232 0
233 0
234 0
235 1
236 0
239 0
244 0
245 0
246 0
251 1
254 0
255 0
256 0
258 1
260 1
275 1
277 1
280 1
285 1
287 0
290 1
295 1
298 1
