246 1
1187 1
144 1
1099 0
877 0
727 0
234 1
619 0
52 1
332 1
716 0
731 0
381 1
392 1
54 1
278 1
60 1
1015 0
841 0
1040 0
993 0
247 1
483 1
873 0
816 0
933 0
598 0
1032 0
977 0
385 1
972 0
956 0
57 1
163 1
25 1
1129 1
1011 0
990 0
1202 1
1121 1
812 0
725 0
315 1
855 0
123 1
174 1
72 1
1164 1
216 1
508 1
158 1
694 0
721 0
51 1
445 1
899 0
747 0
38 1
149 1
242 1
304 1
1092 0
998 0
891 0
1079 0
550 0
363 1
1118 1
1112 1
808 0
687 0
384 1
1207 1
289 1
481 1
627 0
671 0
90 1
919 0
613 0
118 1
1080 0
795 0
215 1
1160 1
562 0
629 0
942 0
553 0
1098 0
1146 1
1097 0
618 0
929 0
674 0
548 0
212 1
334 1
790 0
454 1
1012 0
693 0
861 0
1145 1
425 1
23 1
374 1
229 1
1165 1
9 1
732 0
447 1
1114 1
880 0
1081 0
800 0
661 0
1221 1
986 0
307 1
37 1
487 1
117 1
504 1
26 1
313 1
29 1
1126 1
173 1
438 1
804 0
744 0
1050 0
704 0
1076 0
924 0
340 1
456 1
782 0
739 0
1051 0
211 1
369 1
917 0
568 0
560 0
715 0
813 0
759 0
995 0
748 0
603 0
1018 0
589 0
848 0
914 0
634 0
440 1
1209 1
681 0
1013 0
976 0
458 1
1077 0
743 0
943 0
901 0
233 1
390 1
70 1
371 1
653 0
22 1
502 1
996 0
805 0
957 0
97 1
439 1
979 0
887 0
858 0
770 0
469 1
570 0
353 1
692 0
1130 1
982 0
962 0
868 0
459 1
44 1
395 1
401 1
181 1
611 0
281 1
346 1
10 1
312 1
824 0
1122 1
642 0
540 0
330 1
1117 1
493 1
511 1
186 1
473 1
219 1
226 1
354 1
839 0
892 0
872 0
664 0
172 1
703 0
875 0
543 0
1006 0
290 1
936 0
786 0
1035 0
582 0
666 0
433 1
1083 0
236 1
476 1
534 0
601 0
954 0
853 0
612 0
850 0
738 0
1039 0
958 0
482 1
1214 1
67 1
1100 0
710 0
927 0
968 0
147 1
204 1
746 0
826 0
1086 0
772 0
276 1
424 1
1162 1
265 1
394 1
964 0
524 0
472 1
382 1
963 0
338 1
269 1
451 1
1171 1
596 0
113 1
193 1
494 1
461 1
1115 1
960 0
423 1
192 1
752 0
84 1
895 0
1106 1
1 1
1186 1
888 0
1170 1
227 1
295 1
444 1
614 0
728 0
1143 1
884 0
626 0
973 0
169 1
301 1
542 0
537 0
151 1
1125 1
585 0
69 1
953 0
717 0
112 1
466 1
168 1
324 1
984 0
228 1
799 0
760 0
529 0
829 0
389 1
141 1
431 1
46 1
421 1
53 1
474 1
701 0
122 1
1194 1
1025 0
573 0
1185 1
358 1
654 0
361 1
12 1
348 1
143 1
42 1
811 0
1091 0
580 0
1184 1
1178 1
79 1
136 1
1152 1
767 0
784 0
733 0
838 0
180 1
239 1
300 1
413 1
753 0
1134 1
669 0
1191 1
559 0
357 1
453 1
646 0
13 1
78 1
417 1
945 0
1095 0
785 0
1124 1
126 1
406 1
814 0
207 1
1107 1
820 0
769 0
751 0
1001 0
515 1
920 0
934 0
696 0
422 1
1166 1
327 1
416 1
94 1
437 1
822 0
702 0
1070 0
386 1
778 0
937 0
170 1
62 1
291 1
832 0
1151 1
975 0
886 0
999 0
707 0
1062 0
1028 0
659 0
256 1
179 1
1031 0
1154 1
1150 1
125 1
749 0
1041 0
323 1
1021 0
856 0
20 1
206 1
554 0
922 0
61 1
510 1
1153 1
644 0
1009 0
479 1
1054 0
489 1
154 1
477 1
879 0
1180 1
460 1
321 1
591 0
95 1
220 1
221 1
866 0
189 1
98 1
673 0
463 1
833 0
325 1
320 1
1087 0
817 0
468 1
305 1
347 1
881 0
428 1
120 1
294 1
24 1
387 1
966 0
818 0
1128 1
988 0
798 0
263 1
388 1
823 0
1137 1
223 1
763 0
670 0
859 0
109 1
688 0
96 1
1138 1
140 1
1196 1
308 1
131 1
80 1
335 1
194 1
475 1
31 1
1212 1
1008 0
803 0
836 0
299 1
636 0
160 1
951 0
145 1
150 1
146 1
188 1
705 0
450 1
383 1
1188 1
262 1
987 0
432 1
128 1
3 1
624 0
997 0
1197 1
1215 1
446 1
695 0
639 0
480 1
478 1
134 1
516 0
375 1
547 0
271 1
56 1
1048 0
1010 0
244 1
380 1
138 1
781 0
874 0
1203 1
1113 1
253 1
898 0
292 1
904 0
345 1
509 1
1108 1
241 1
316 1
66 1
907 0
398 1
854 0
209 1
1061 0
1016 0
49 1
337 1
396 1
490 1
730 0
218 1
414 1
1159 1
467 1
1149 1
261 1
912 0
50 1
1119 1
115 1
684 0
1172 1
87 1
485 1
1104 1
718 0
961 0
116 1
983 0
699 0
1068 0
771 0
909 0
928 0
525 0
65 1
1208 1
682 0
741 0
496 1
648 0
851 0
967 0
989 0
809 0
153 1
210 1
538 0
789 0
698 0
393 1
71 1
471 1
277 1
946 0
205 1
714 0
755 0
918 0
74 1
1173 1
650 0
1139 1
302 1
622 0
571 0
889 0
264 1
36 1
606 0
965 0
415 1
1067 0
896 0
974 0
1109 1
68 1
1046 0
103 1
862 0
588 0
272 1
449 1
58 1
1142 1
507 1
1019 0
506 1
1066 0
801 0
890 0
191 1
1026 0
621 0
512 1
427 1
85 1
161 1
372 1
533 0
397 1
1058 0
952 0
950 0
222 1
498 1
407 1
1210 1
28 1
1175 1
104 1
139 1
1103 1
520 0
630 0
1063 0
536 0
464 1
766 0
420 1
159 1
906 0
314 1
1030 0
491 1
780 0
376 1
102 1
758 0
837 0
797 0
605 0
655 0
513 1
1084 0
712 0
523 0
1193 1
706 0
1017 0
7 1
89 1
625 0
1147 1
657 0
546 0
558 0
309 1
1183 1
620 0
870 0
430 1
368 1
73 1
148 1
1127 1
196 1
426 1
208 1
544 0
656 0
1200 1
685 0
1044 0
367 1
76 1
127 1
495 1
1020 0
185 1
351 1
913 0
779 0
518 0
675 0
1148 1
864 0
602 0
1158 1
1189 1
1082 0
1037 0
217 1
403 1
287 1
235 1
794 0
1029 0
43 1
737 0
100 1
27 1
981 0
484 1
366 1
329 1
600 0
331 1
925 0
835 0
756 0
679 0
224 1
400 1
254 1
948 0
1055 0
894 0
1132 1
959 0
285 1
638 0
15 1
164 1
565 0
237 1
773 0
356 1
238 1
1033 0
411 1
245 1
230 1
723 0
77 1
551 0
45 1
810 0
658 0
55 1
680 0
503 1
667 0
579 0
303 1
555 0
419 1
455 1
831 0
257 1
1195 1
815 0
768 0
1085 0
240 1
931 0
35 1
689 0
377 1
857 0
1056 0
47 1
985 0
1163 1
505 1
298 1
1078 0
787 0
443 1
318 1
41 1
788 0
1174 1
840 0
201 1
11 1
697 0
124 1
631 0
33 1
563 0
647 0
561 0
92 1
1218 1
319 1
1042 0
549 0
726 0
1005 0
980 0
916 0
584 0
970 0
83 1
514 1
652 0
14 1
370 1
129 1
863 0
183 1
530 0
586 0
1140 1
19 1
283 1
16 1
1133 1
344 1
578 0
617 0
724 0
1206 1
213 1
448 1
405 1
266 1
108 1
333 1
566 0
736 0
615 0
557 0
258 1
178 1
119 1
532 0
106 1
249 1
17 1
1089 0
1071 0
250 1
251 1
992 0
59 1
764 0
757 0
690 0
404 1
1157 1
1156 1
499 1
6 1
844 0
745 0
575 0
885 0
442 1
286 1
1069 0
590 0
806 0
1192 1
110 1
1141 1
604 0
750 0
225 1
378 1
470 1
911 0
1093 0
1177 1
1167 1
1111 1
1217 1
1201 1
742 0
310 1
1220 1
297 1
279 1
429 1
1074 0
947 0
842 0
259 1
243 1
40 1
923 0
883 0
867 0
878 0
662 0
830 0
1094 0
519 0
275 1
391 1
517 0
336 1
1204 1
497 1
1027 0
955 0
521 0
268 1
1211 1
195 1
761 0
1155 1
156 1
526 0
581 0
1190 1
379 1
255 1
607 0
280 1
903 0
1024 0
1144 1
802 0
402 1
905 0
408 1
711 0
574 0
91 1
1049 0
1120 1
352 1
672 0
105 1
1168 1
252 1
643 0
359 1
107 1
893 0
1065 0
594 0
616 0
155 1
1161 1
436 1
64 1
796 0
176 1
765 0
1023 0
583 0
1205 1
592 0
349 1
599 0
1123 1
1004 0
791 0
165 1
93 1
452 1
1102 1
902 0
1135 1
187 1
860 0
1034 0
492 1
410 1
935 0
969 0
282 1
552 0
322 1
350 1
1057 0
306 1
311 1
288 1
926 0
1096 0
296 1
81 1
852 0
572 0
677 0
807 0
819 0
1110 1
1060 0
157 1
1043 0
637 0
900 0
535 0
182 1
991 0
522 0
339 1
944 0
834 0
897 0
846 0
198 1
63 1
1101 0
32 1
135 1
910 0
465 1
5 1
645 0
628 0
774 0
328 1
1053 0
843 0
88 1
99 1
720 0
722 0
541 0
949 0
86 1
342 1
184 1
1073 0
821 0
152 1
939 0
488 1
978 0
267 1
500 1
686 0
197 1
177 1
114 1
531 0
593 0
930 0
365 1
1105 1
668 0
762 0
162 1
1182 1
1047 0
633 0
740 0
1199 1
792 0
632 0
1052 0
39 1
676 0
133 1
101 1
360 1
364 1
355 1
882 0
418 1
608 0
1131 1
651 0
708 0
1059 0
1000 0
713 0
635 0
775 0
1216 1
341 1
132 1
941 0
457 1
199 1
691 0
232 1
1002 0
1136 1
75 1
1045 0
166 1
609 0
142 1
435 1
200 1
1038 0
871 0
932 0
175 1
270 1
709 0
434 1
18 1
4 1
362 1
30 1
409 1
754 0
908 0
921 0
527 0
231 1
167 1
501 1
1075 0
564 0
486 1
121 1
1088 0
597 0
34 1
1179 1
317 1
719 0
610 0
595 0
284 1
847 0
190 1
343 1
776 0
1176 1
869 0
462 1
641 0
777 0
665 0
577 0
734 0
326 1
1198 1
828 0
171 1
1213 1
48 1
783 0
373 1
576 0
399 1
567 0
137 1
649 0
0 1
994 0
940 0
825 0
793 0
1169 1
545 0
111 1
1064 0
683 0
1219 1
528 0
1072 0
660 0
441 1
678 0
827 0
938 0
1022 0
971 0
735 0
876 0
849 0
1181 1
273 1
539 0
1014 0
260 1
623 0
1036 0
1003 0
202 1
700 0
865 0
587 0
203 1
915 0
21 1
845 0
2 1
248 1
1090 0
569 0
663 0
274 1
640 0
412 1
130 1
1116 1
729 0
1007 0
8 1
556 0
293 1
82 1
214 1
