1 55
1 205
1 272
1 494
1 779
1 894
1 3
1 117
1 147
1 170
1 883
55 170
55 205
55 252
55 272
55 779
55 883
55 894
55 857
205 117
205 170
205 265
205 272
205 494
205 587
205 691
205 779
205 883
205 894
272 3
272 117
272 147
272 190
272 252
272 170
272 214
272 441
272 494
272 587
272 779
272 883
272 884
272 894
494 117
494 265
494 587
494 883
494 894
779 170
779 252
779 48
779 883
779 894
779 857
894 117
894 170
894 265
894 883
894 587
3 28
3 147
3 407
3 674
3 884
28 202
28 327
28 353
28 407
28 429
28 441
28 492
28 545
28 147
147 72
147 184
147 353
147 407
147 674
147 884
407 72
407 117
407 202
407 327
407 353
407 184
407 429
407 441
407 545
407 674
407 884
674 45
674 72
674 79
27 63
27 173
27 327
63 125
63 173
173 1332
202 170
202 545
202 883
327 184
327 240
327 119
327 353
327 429
327 441
353 46
353 122
353 425
353 429
429 184
429 119
429 441
441 184
441 425
441 447
492 134
492 232
492 285
492 388
492 120
492 447
492 488
492 496
32 440
32 624
32 797
32 920
440 245
440 605
440 797
440 920
624 125
624 325
624 622
624 245
624 452
624 491
624 769
624 797
624 798
624 960
624 959
797 61
797 125
797 325
797 622
797 769
797 959
797 920
151 38
151 201
151 277
151 452
151 502
151 634
151 642
151 691
151 694
151 753
151 866
151 869
277 502
277 634
277 691
277 866
502 201
502 691
502 866
502 869
866 642
866 452
866 634
866 691
866 753
866 869
45 48
45 79
45 335
45 496
45 601
45 765
45 388
48 79
48 496
48 488
79 335
79 496
79 601
79 765
79 388
335 85
335 765
335 388
335 603
496 134
496 388
496 85
496 603
601 80
601 468
601 134
601 200
601 388
601 603
765 85
765 388
765 603
46 117
46 196
46 257
46 268
117 196
117 252
117 257
117 265
117 268
117 364
117 465
117 587
117 883
196 252
196 268
196 364
196 265
257 268
257 364
268 364
170 883
170 265
252 265
252 364
252 883
883 265
883 587
883 691
883 1401
125 92
125 248
125 325
125 468
125 491
125 622
125 960
125 769
70 101
70 132
70 240
70 425
70 447
101 119
101 122
101 132
101 240
101 343
101 364
101 425
101 447
132 119
132 122
132 240
132 425
132 447
240 119
240 425
240 447
425 119
425 122
425 343
425 447
447 119
447 122
72 857
857 465
857 498
80 120
80 285
80 468
80 845
120 285
120 488
285 232
285 488
468 92
468 211
468 242
468 845
85 190
85 213
85 214
85 603
85 605
85 452
190 213
190 214
213 214
214 603
603 388
605 219
605 491
605 520
605 576
605 201
605 798
92 845
845 200
845 211
845 242
119 122
122 255
343 222
343 867
265 587
465 486
465 531
255 275
248 222
248 564
248 694
325 245
325 622
325 769
325 959
491 219
491 520
491 576
622 452
622 769
622 798
622 959
622 960
960 769
960 798
134 388
38 159
38 201
201 245
201 642
201 691
201 753
201 869
452 634
452 691
452 869
452 1332
452 642
452 769
634 245
634 691
634 869
634 1332
634 642
642 159
642 691
642 869
642 1228
642 1401
642 1519
691 245
691 531
691 869
691 1332
694 156
694 564
694 577
753 245
869 245
869 1332
165 498
1332 1401
1332 1519
200 480
200 771
480 771
245 959
245 769
211 242
219 520
219 576
222 867
232 798
959 769
564 577
275 312
275 612
312 612
486 531
520 576
1401 1228
1401 1519
1228 1519
1519 1594
1519 1828
1594 1828
