56 51
56 44
56 37
56 60
56 57
56 33
51 60
51 34
51 49
51 68
51 50
51 57
51 55
51 33
51 23
51 58
51 37
51 20
65 24
65 50
65 14
65 33
65 28
65 60
24 14
24 33
24 28
24 34
24 42
24 49
24 37
24 60
61 82
61 69
61 36
61 68
61 21
61 42
82 35
82 87
82 13
82 32
82 84
82 90
82 12
82 91
82 38
82 41
82 85
82 43
82 10
82 80
82 88
82 83
82 81
82 77
82 11
36 68
36 34
36 37
36 49
36 64
36 33
36 27
36 42
68 67
34 52
34 26
34 50
34 28
34 25
34 48
34 27
34 42
34 37
34 31
34 54
34 55
34 40
34 53
34 29
34 47
34 30
34 49
52 37
52 49
52 50
52 26
52 42
52 69
52 25
91 13
91 2
91 32
91 72
91 5
91 46
91 1
91 77
91 22
91 83
91 71
91 9
13 32
13 83
13 77
13 43
50 39
50 27
50 48
50 14
50 42
50 37
50 16
50 49
50 33
50 28
50 66
50 20
50 19
50 53
50 60
50 44
50 55
50 58
83 35
83 9
83 85
83 22
83 2
83 3
83 81
83 10
83 4
83 89
83 77
83 32
83 6
83 8
83 5
83 84
83 7
83 21
35 21
35 81
35 32
35 84
35 85
35 22
75 78
75 77
75 79
75 80
75 63
75 76
75 69
78 76
78 22
78 77
32 2
32 77
32 6
32 46
32 5
32 85
32 8
32 71
32 84
32 88
32 3
32 43
32 1
32 22
32 38
32 89
32 73
2 3
2 73
2 89
2 6
2 88
2 1
2 4
2 77
2 11
63 42
63 29
63 69
42 62
42 60
42 37
42 59
42 49
42 27
42 14
80 12
80 85
80 22
80 77
80 81
12 3
12 77
12 11
79 76
79 81
79 69
76 69
76 90
9 0
9 77
9 3
9 22
9 8
0 8
0 7
62 49
62 69
48 37
48 17
48 66
48 15
48 39
48 19
48 30
48 54
48 49
48 47
48 44
48 53
37 29
37 58
37 25
37 33
37 17
37 30
37 20
37 28
37 19
37 59
37 14
37 57
37 49
37 15
37 27
86 22
86 81
86 47
86 21
86 69
86 85
22 88
22 3
22 77
22 21
22 69
22 89
22 85
22 41
22 84
21 85
21 11
21 84
21 87
39 19
39 17
39 15
39 44
39 18
14 60
14 33
14 16
44 19
44 17
44 18
44 33
81 88
81 84
81 87
81 46
81 85
81 41
81 89
85 87
85 10
85 89
85 11
85 84
85 88
17 57
17 18
17 58
17 16
17 33
17 15
3 77
3 70
3 71
3 74
3 73
3 84
60 16
60 27
60 19
60 33
60 55
60 25
60 28
60 49
60 15
60 59
25 49
25 59
25 27
25 64
25 33
49 55
49 30
49 23
49 59
49 29
49 67
19 15
19 20
19 28
87 84
27 33
27 64
77 41
77 5
77 6
77 84
77 43
77 90
29 33
29 26
69 90
66 47
66 53
73 74
73 70
73 71
84 38
84 11
84 4
84 43
84 88
16 18
57 67
88 11
33 59
33 26
33 58
33 64
6 5
6 8
11 4
4 38
28 20
28 30
15 18
89 38
70 72
70 71
70 74
72 1
72 7
8 7
8 1
47 67
46 5
40 31
31 45
74 71
53 54
