1 0
883 1
132 1
339 1
653 0
545 1
171 0
117 0
196 0
587 1
372 0
147 0
55 1
859 0
106 1
504 1
471 1
425 1
170 1
939 0
272 1
3 0
119 1
494 0
205 0
265 1
779 1
364 1
240 1
477 0
101 1
884 1
441 1
9 0
1594 1
488 0
190 0
325 0
14 0
232 1
520 1
65 0
605 0
621 0
20 0
387 0
615 0
151 0
977 0
1232 0
513 0
634 0
156 1
691 0
1870 0
869 0
452 0
866 0
1332 1
502 1
454 1
201 0
245 1
687 0
582 0
642 0
564 0
1401 0
753 1
38 0
159 0
577 1
857 1
124 1
725 0
274 0
871 0
111 1
202 1
62 1
428 0
544 0
122 1
275 1
63 1
991 0
448 0
145 1
343 1
923 0
346 1
70 1
649 1
429 0
763 1
80 1
941 1
85 1
214 1
213 1
650 1
440 1
447 1
184 0
1218 0
181 0
777 1
525 1
1214 0
1828 0
487 1
280 1
1339 0
149 0
1212 0
970 1
116 0
836 1
826 0
194 0
601 1
954 1
353 0
179 1
125 1
1423 0
1336 0
466 0
797 1
959 0
624 0
769 0
376 0
638 0
1237 0
1067 0
694 1
841 0
945 1
984 1
908 1
1228 0
290 0
576 1
1201 1
496 0
640 0
219 0
1238 0
491 1
246 0
1543 0
1260 0
1784 0
335 0
