1 883
1 132
1 339
1 653
1 545
1 171
1 117
1 196
1 587
1 372
1 147
1 55
1 859
1 106
1 504
1 471
1 425
1 170
1 939
1 272
1 3
1 119
1 494
1 205
1 265
1 779
1 364
1 240
1 477
1 101
1 884
3 504
3 171
3 545
3 147
3 441
3 477
3 272
3 653
3 884
3 471
3 372
9 1594
9 488
9 471
9 190
9 272
9 779
9 55
9 106
9 325
14 232
14 520
14 65
14 605
14 621
20 387
20 615
20 151
20 977
20 1232
20 513
20 634
20 156
20 691
20 34
20 1870
20 869
20 452
20 866
34 513
34 1332
34 502
34 454
34 1870
34 201
34 245
34 387
34 634
34 687
34 615
34 582
34 1232
34 977
34 642
34 564
34 1401
34 452
34 869
34 151
34 753
34 156
34 691
34 866
38 634
38 1594
38 159
38 201
38 753
38 151
38 691
38 869
38 866
38 577
38 687
38 642
55 779
55 265
55 190
55 171
55 587
55 857
55 124
55 196
55 106
55 339
55 725
55 274
55 883
55 372
55 170
55 205
55 364
55 201
55 471
55 871
55 939
55 545
55 425
55 117
55 504
55 272
55 884
55 111
55 202
62 428
62 425
62 544
62 122
62 275
63 425
63 196
63 364
63 202
63 101
65 428
65 621
65 991
65 232
65 448
65 202
65 145
65 520
65 343
65 923
65 346
65 653
65 545
65 101
70 119
70 202
70 545
70 649
70 425
70 653
70 122
70 275
70 132
70 544
70 429
70 240
70 441
70 101
70 428
70 763
80 119
80 132
80 941
85 214
85 213
85 190
85 272
101 871
101 346
101 272
101 429
101 650
101 106
101 265
101 196
101 425
101 440
101 170
101 119
101 939
101 923
101 653
101 447
101 520
101 145
101 649
101 343
101 364
101 184
101 545
101 428
101 991
101 240
101 1218
101 883
101 587
101 181
101 777
101 117
101 544
101 132
101 448
101 122
101 525
101 202
101 441
106 634
106 117
106 196
106 275
106 171
106 265
106 859
106 520
106 779
106 170
106 325
106 494
106 587
106 1214
106 272
106 883
106 1828
106 122
106 190
106 487
106 477
106 884
106 280
106 1339
106 1594
106 504
106 205
106 871
106 201
106 545
106 149
106 202
106 364
106 274
106 1212
106 653
106 372
106 387
106 425
106 939
111 871
111 487
111 265
111 779
111 587
111 857
111 364
111 124
111 725
111 970
111 494
111 372
111 171
116 502
116 440
116 836
116 1218
116 826
116 194
117 196
117 119
117 346
117 871
117 132
117 364
117 587
117 425
117 170
117 265
117 939
117 779
117 883
117 205
117 272
119 545
119 601
119 272
119 428
119 132
119 939
119 275
119 170
119 650
119 954
119 649
119 763
119 653
119 145
119 202
119 883
119 205
119 364
119 884
119 441
119 122
119 240
119 447
119 448
119 184
119 544
119 429
119 196
119 425
122 275
122 428
122 653
122 649
122 447
122 346
122 763
122 353
122 184
122 545
122 650
122 429
122 265
122 425
122 939
122 145
122 441
122 179
122 544
122 132
124 970
124 372
124 471
124 265
124 171
124 871
124 272
124 487
124 857
124 779
125 1423
125 1336
125 525
125 245
125 466
125 1218
125 797
125 959
125 624
125 440
125 769
125 376
125 325
125 638
125 564
125 1237
125 1067
125 694
125 841
132 196
132 487
132 240
132 939
132 425
132 447
132 871
132 275
132 653
132 145
132 601
132 649
132 954
132 941
132 205
132 184
132 428
132 441
132 763
132 544
132 429
145 425
145 763
145 650
145 275
145 447
145 945
145 544
145 428
145 346
145 353
145 441
145 984
145 649
147 171
147 884
147 504
147 202
147 477
147 429
147 653
147 545
147 441
147 471
147 272
147 372
149 1339
149 908
149 1228
149 190
149 272
149 777
149 214
149 642
149 280
149 520
149 290
149 213
149 1828
149 1214
149 576
149 605
149 488
149 387
149 1332
149 274
149 1201
149 159
149 1594
149 1401
151 826
151 691
151 1232
151 201
151 634
151 513
151 1332
151 245
151 866
151 869
151 582
151 502
151 694
151 564
151 977
151 156
151 642
151 1870
151 577
151 454
151 605
151 615
151 159
151 687
151 387
151 1228
151 452
151 496
151 753
151 640
151 525
156 691
156 452
156 866
156 977
156 502
156 797
156 939
156 513
156 634
156 615
156 454
156 1870
156 694
156 387
156 869
156 1232
156 582
159 634
159 1339
159 454
159 1828
159 280
159 1594
159 1214
159 274
159 640
170 653
170 884
170 364
170 939
170 339
170 477
170 871
170 425
170 504
170 447
170 779
170 275
170 202
170 265
170 205
170 272
170 859
170 196
170 487
170 587
170 545
170 883
170 494
170 1594
171 471
171 653
171 857
171 441
171 477
171 339
171 883
171 372
171 779
171 265
171 871
171 725
171 429
171 504
171 884
171 272
171 205
171 447
181 343
181 923
181 866
181 440
181 991
181 448
181 1218
181 520
184 240
184 441
184 275
184 447
184 428
184 939
184 763
184 425
184 429
184 544
190 387
190 213
190 214
190 471
190 272
190 201
190 1828
194 502
194 836
194 440
194 826
194 1218
196 272
196 346
196 364
196 883
196 653
196 871
196 587
196 545
196 265
196 205
196 275
196 939
196 425
196 441
201 525
201 1332
201 1214
201 866
201 564
201 642
201 691
201 582
201 869
201 605
201 387
201 753
201 1339
201 634
201 1401
201 577
201 502
201 1228
202 205
202 984
202 545
202 653
202 1218
202 871
202 353
202 1214
202 275
202 945
202 587
202 265
202 425
202 883
202 346
202 272
202 991
205 504
205 265
205 779
205 587
205 274
205 272
205 883
205 425
205 939
205 275
205 884
205 494
205 649
205 859
205 372
205 871
205 487
205 545
205 725
205 477
205 857
213 1594
213 214
213 272
214 272
219 753
219 520
219 687
219 582
219 1238
219 605
219 491
232 621
232 525
232 440
232 520
240 447
240 275
240 544
240 441
240 429
240 883
240 428
240 649
240 939
240 425
240 871
240 763
245 502
245 687
245 1218
245 634
245 440
245 325
245 1067
245 582
245 691
245 1423
245 797
245 376
245 624
245 753
245 1237
245 694
245 959
245 1336
245 564
245 466
245 841
245 525
245 869
245 642
245 769
245 638
246 977
246 615
246 452
246 634
265 494
265 272
265 504
265 883
265 364
265 857
265 725
265 545
265 441
265 487
265 871
265 970
265 779
265 939
265 275
265 587
265 859
265 425
272 871
272 488
272 939
272 859
272 425
272 779
272 1212
272 429
272 487
272 587
272 653
272 372
272 447
272 471
272 275
272 544
272 857
272 1339
272 883
272 494
272 504
272 441
272 477
272 884
272 339
272 1594
272 545
272 649
274 520
274 1212
274 387
274 1228
274 642
274 280
274 1214
274 1201
274 1594
274 1339
274 883
274 290
274 1828
275 871
275 387
275 544
275 447
275 883
275 425
275 545
275 364
275 649
275 650
275 441
275 587
275 428
280 1201
280 387
280 1339
280 1594
280 1214
280 1228
280 1828
280 487
290 1543
290 687
290 605
290 491
290 1260
290 1238
290 520
290 387
290 959
290 753
290 1784
325 638
325 841
325 1218
325 797
325 624
325 525
325 1594
325 694
325 959
325 466
325 769
325 1237
325 564
325 376
325 1067
325 1423
325 440
335 1218
335 525
335 605
339 477
339 372
339 779
339 471
339 884
339 883
339 504
343 777
343 1218
343 440
343 923
343 448
343 425
346 425
346 945
346 545
346 353
346 653
346 991
346 428
346 939
346 364
353 945
353 545
353 441
353 763
353 425
353 429
353 653
364 883
364 871
364 545
364 425
364 650
364 587
372 441
372 883
372 857
372 477
372 884
372 544
372 471
372 939
372 779
372 429
372 725
372 871
372 504
376 1067
376 525
376 841
376 564
376 797
376 769
376 466
376 1336
376 638
376 440
376 1218
376 1423
376 694
376 777
376 624
376 1237
387 491
387 866
387 513
387 977
387 615
387 869
387 642
387 1401
387 691
387 1870
387 1332
387 634
387 1232
387 502
387 520
387 582
387 753
387 452
425 871
425 653
425 939
425 945
425 429
425 763
425 650
425 545
425 779
425 494
425 725
425 447
425 649
425 883
425 984
425 428
425 544
425 441
425 587
428 763
428 447
428 945
428 601
428 939
428 441
428 544
428 650
428 649
428 991
428 429
428 954
428 984
429 544
429 441
429 763
429 649
429 939
429 447
429 471
429 504
440 564
440 769
440 1336
440 694
440 466
440 1218
440 638
440 959
440 1423
440 525
440 836
440 605
440 452
440 1067
440 624
440 797
440 923
440 1237
440 502
440 841
441 544
441 763
441 471
441 650
441 447
441 939
441 504
441 649
441 884
447 448
447 939
447 545
447 954
447 649
447 763
447 883
447 544
447 587
447 650
447 601
448 777
448 520
452 691
452 513
452 866
452 1228
452 1332
452 615
452 869
452 977
452 634
452 502
452 642
452 1232
452 797
454 866
454 640
454 1232
466 777
466 1218
466 694
466 797
466 1423
466 1067
466 638
466 624
466 564
466 841
466 1336
466 525
466 769
466 1237
471 857
471 544
471 494
471 487
471 477
471 859
477 504
477 884
477 494
477 883
487 871
487 504
487 587
487 884
487 857
487 941
487 859
487 725
487 883
487 970
488 1594
491 753
491 605
491 1238
491 1784
491 1543
491 777
491 908
491 959
491 576
491 1260
491 520
491 687
494 871
494 725
494 883
494 1339
494 859
496 513
496 687
496 753
496 826
502 564
502 1232
502 582
502 753
502 1218
502 1870
502 642
502 691
502 826
502 634
502 866
502 513
502 869
502 615
502 1332
502 836
502 577
504 587
504 859
504 544
504 884
504 883
513 977
513 1870
513 1232
513 826
513 582
513 615
513 866
513 869
513 691
513 634
520 687
520 1260
520 1784
520 866
520 576
520 634
520 959
520 991
520 1594
520 621
520 605
520 753
520 1238
520 642
520 1543
520 582
525 638
525 841
525 582
525 777
525 1218
525 769
525 577
525 753
525 694
525 1423
525 564
525 797
525 605
544 763
544 939
544 649
544 650
545 939
545 945
545 649
545 653
545 984
545 871
545 991
545 883
545 587
564 582
564 1336
564 1218
564 1237
564 866
564 624
564 605
564 694
564 1423
564 687
564 642
564 691
564 841
564 577
564 869
564 753
564 769
576 777
576 908
576 753
576 605
576 1238
577 866
577 687
577 753
577 642
577 694
577 634
577 638
582 687
582 642
582 869
582 615
582 753
582 634
582 866
582 605
582 691
587 883
587 939
587 653
587 871
587 884
601 941
601 954
601 763
605 1218
605 959
605 642
605 1238
605 753
605 1543
605 691
605 634
605 777
605 1784
605 1260
605 687
615 634
615 691
615 642
615 797
615 977
615 866
615 1870
615 869
615 1332
615 1232
624 1067
624 959
624 1218
624 638
624 797
624 1423
624 769
624 694
624 1237
624 1336
624 841
634 883
634 869
634 1232
634 1594
634 1332
634 977
634 866
634 642
634 687
634 1870
634 753
634 691
638 797
638 1067
638 769
638 694
638 1237
638 841
638 1218
638 1423
642 691
642 869
642 866
642 753
642 1228
642 694
642 1401
642 977
642 1332
649 939
649 883
650 763
650 945
650 984
653 984
653 991
653 945
653 883
653 871
653 779
653 954
653 939
687 1238
687 1784
687 1260
687 753
687 1543
687 959
687 866
691 1232
691 883
691 866
691 1870
691 1332
691 869
691 753
691 1067
691 977
694 797
694 1237
694 1423
694 841
694 1067
694 769
694 1218
725 857
725 945
725 871
753 959
753 1332
753 866
753 1238
753 869
753 1870
753 1543
753 908
753 1260
753 1784
753 777
763 954
763 939
769 841
769 797
769 1237
769 1218
769 1336
769 1423
777 908
779 871
779 857
779 883
779 884
797 1423
797 1336
797 1067
797 1218
797 977
797 959
797 841
826 836
836 1218
841 1336
841 1237
841 1423
841 1218
841 1067
857 871
857 1594
859 884
859 883
866 1232
866 1870
866 869
866 991
866 1238
869 1332
869 1870
869 1232
869 977
871 883
871 970
871 939
883 884
883 939
908 1238
923 1218
945 984
959 1238
959 1543
959 1067
977 1870
977 1232
977 1332
1067 1218
1067 1423
1067 1401
1067 1336
1067 1594
1067 1339
1067 1214
1067 1332
1067 1260
1067 1201
1067 1237
1201 1423
1201 1218
1201 1828
1201 1214
1201 1594
1201 1401
1201 1228
1201 1339
1201 1212
1201 1332
1212 1828
1212 1332
1212 1218
1212 1237
1212 1214
1212 1423
1212 1228
1212 1401
1212 1339
1212 1260
1214 1594
1214 1228
1214 1218
1214 1237
1214 1828
1214 1260
1214 1339
1214 1332
1214 1423
1214 1401
1218 1237
1218 1339
1218 1594
1218 1232
1218 1260
1218 1332
1218 1336
1218 1401
1218 1423
1228 1423
1228 1232
1228 1594
1228 1828
1228 1339
1228 1332
1228 1237
1228 1401
1228 1260
1232 1870
1232 1594
1232 1401
1232 1332
1237 1594
1237 1401
1237 1423
1237 1332
1237 1336
1237 1828
1237 1260
1237 1339
1238 1543
1238 1594
1238 1784
1238 1260
1260 1423
1260 1543
1260 1401
1260 1784
1260 1332
1260 1594
1260 1828
1260 1339
1332 1423
1332 1594
1332 1828
1332 1339
1332 1870
1332 1401
1336 1423
1339 1423
1339 1594
1339 1401
1339 1828
1401 1594
1401 1870
1401 1423
1401 1828
1423 1828
1423 1594
1543 1594
1543 1784
1594 1828
1594 1784
1594 1870
