280 97
251 97
245 49
245 84
239 246
233 43
227 3
215 38
215 35
215 216
209 124
209 81
209 212
209 38
209 126
203 115
194 169
194 151
190 50
190 30
190 199
187 50
184 192
184 173
184 38
178 10
175 172
172 185
172 117
169 151
157 156
154 4
151 130
151 174
151 150
148 139
148 173
148 167
148 171
148 150
145 2
142 118
139 146
136 155
136 152
136 137
130 38
130 149
130 113
130 98
130 123
127 66
127 63
127 57
127 50
127 134
124 192
124 31
124 24
124 108
118 30
115 67
115 260
115 244
115 255
109 55
109 49
107 93
107 66
107 22
107 8
105 77
105 58
105 104
105 78
101 87
101 177
99 87
97 75
97 185
97 258
95 91
95 72
95 90
93 30
93 19
91 37
91 90
87 32
87 152
87 92
85 66
85 29
85 156
83 165
83 98
83 8
83 84
83 78
81 212
81 98
79 68
79 64
79 17
77 58
75 74
75 197
75 217
75 290
74 29
74 217
72 71
72 46
72 173
70 64
70 50
68 236
68 50
68 232
68 220
67 55
67 50
67 22
66 20
65 57
65 254
65 55
65 256
65 202
65 189
65 231
64 56
64 50
64 49
64 23
64 22
64 20
64 17
64 258
64 8
61 46
58 50
58 182
58 30
58 20
58 104
56 18
55 224
55 50
55 18
55 106
54 212
54 193
54 113
236 232
52 226
52 220
52 14
224 200
224 220
50 47
50 30
50 189
50 165
50 199
50 210
49 30
49 117
212 38
212 113
48 23
200 220
200 223
45 108
192 38
192 35
43 38
43 35
43 34
185 285
185 275
42 38
42 15
182 128
182 20
40 20
173 171
173 150
173 216
38 37
38 108
37 34
37 287
37 213
244 3
167 146
167 150
36 189
36 134
35 34
220 11
32 31
32 125
152 6
31 149
31 24
31 235
208 285
30 134
30 19
30 96
30 135
30 210
202 222
29 28
29 134
143 165
143 159
193 131
193 174
193 120
140 131
140 120
27 117
134 5
131 120
24 14
128 165
23 22
23 20
22 21
22 228
21 16
171 15
171 150
116 108
19 18
19 16
165 18
113 123
18 104
16 10
295 298
295 290
104 78
14 216
150 287
13 216
100 235
11 135
96 234
10 2
10 1
9 7
9 2
9 1
8 117
246 126
7 4
7 3
6 277
234 205
228 84
211 4
2 1
